Code Year       MAB     MAB40
AUT  1951     28.05     27.41
AUT  1952     27.98     27.38
AUT  1953     27.89     27.30
AUT  1954     27.87     27.29
AUT  1955     27.85     27.31
AUT  1956     27.83     27.29
AUT  1957     27.80     27.26
AUT  1958     27.69     27.19
AUT  1959     27.63     27.13
AUT  1960     27.58     27.10
AUT  1961     27.52     27.05
AUT  1962     27.47     26.99
AUT  1963     27.41     26.95
AUT  1964     27.38     26.89
AUT  1965     27.26     26.80
AUT  1966     27.11     26.66
AUT  1967     26.97     26.54
AUT  1968     26.85     26.42
AUT  1969     26.76     26.34
AUT  1970     26.67     26.25
AUT  1971     26.67     26.22
AUT  1972     26.53     26.08
AUT  1973     26.41     25.97
AUT  1974     26.31     25.87
AUT  1975     26.27     25.87
AUT  1976     26.24     25.88
AUT  1977     26.27     25.91
AUT  1978     26.25     25.93
AUT  1979     26.27     25.98
AUT  1980     26.27     26.01
AUT  1981     26.33     26.09
AUT  1982     26.35     26.11
AUT  1983     26.47     26.24
AUT  1984     26.56     26.35
AUT  1985     26.68     26.48
AUT  1986     26.77     26.56
AUT  1987     26.91     26.70
AUT  1988     26.95     26.75
AUT  1989     27.07     26.88
AUT  1990     27.21     27.01
AUT  1991     27.22     27.03
AUT  1992     27.26     27.07
AUT  1993     27.31     27.11
AUT  1994     27.50     27.29
AUT  1995     27.66     27.45
AUT  1996     27.81     27.60
AUT  1997     27.93     27.70
AUT  1998     28.02     27.79
AUT  1999     28.15     27.90
AUT  2000     28.22     27.98
AUT  2001     28.39     28.12
AUT  2002     28.57     28.30
AUT  2003     28.77     28.48
AUT  2004     28.84     28.56
AUT  2005     29.03     28.73
AUT  2006     29.21     28.88
AUT  2007     29.37     29.04
AUT  2008     29.49     29.14
AUT  2009     29.68     29.31
AUT  2010     29.83     29.46
AUT  2011     30.03     29.63
AUT  2012     30.19     29.78
AUT  2013     30.32     29.89
AUT  2014     30.42     30.00
AUT  2015     30.57     30.12
AUT  2016     30.63     30.17
AUT  2017     30.72     30.26
BLR  1964     28.40     27.82
BLR  1965     28.33     27.74
BLR  1966     28.22     27.66
BLR  1967     27.98     27.49
BLR  1968     27.92     27.39
BLR  1969     27.74     27.28
BLR  1970     27.46     27.06
BLR  1971     27.27     26.89
BLR  1972     27.16     26.79
BLR  1973     27.08     26.72
BLR  1974     26.94     26.61
BLR  1975     26.79     26.47
BLR  1976     26.61     26.31
BLR  1977     26.51     26.20
BLR  1978     26.26     25.99
BLR  1979     26.09     25.84
BLR  1980     25.94     25.71
BLR  1981     26.02     25.79
BLR  1982     25.98     25.77
BLR  1983     26.06     25.88
BLR  1984     25.94     25.76
BLR  1985     25.84     25.66
BLR  1986     26.03     25.83
BLR  1987     25.71     25.52
BLR  1988     25.67     25.48
BLR  1989     25.44     25.27
BLR  1990     25.15     25.00
BLR  1991     24.99     24.84
BLR  1992     24.88     24.73
BLR  1993     24.90     24.76
BLR  1994     24.87     24.73
BLR  1995     24.92     24.77
BLR  1996     24.96     24.82
BLR  1997     25.07     24.92
BLR  1998     25.27     25.14
BLR  1999     25.35     25.22
BLR  2000     25.57     25.44
BLR  2001     25.70     25.56
BLR  2002     25.87     25.73
BLR  2003     25.97     25.81
BLR  2004     26.16     26.00
BLR  2005     26.39     26.23
BLR  2006     26.55     26.40
BLR  2007     26.82     26.66
BLR  2008     26.97     26.80
BLR  2009     27.14     26.95
BLR  2010     27.37     27.18
BLR  2011     27.48     27.28
BLR  2012     27.54     27.33
BLR  2013     27.77     27.55
BLR  2014     27.95     27.71
BLR  2015     28.20     27.95
BLR  2016     28.38     28.12
BGR  1947     27.24     26.72
BGR  1948     27.16     26.64
BGR  1949     27.03     26.51
BGR  1950     27.04     26.46
BGR  1951     26.68     26.16
BGR  1952     26.54     26.06
BGR  1953     26.43     25.94
BGR  1954     26.33     25.88
BGR  1955     26.13     25.68
BGR  1956     25.92     25.49
BGR  1957     25.56     25.19
BGR  1958     25.48     25.12
BGR  1959     25.17     24.85
BGR  1960     25.07     24.77
BGR  1961     25.06     24.80
BGR  1962     25.10     24.82
BGR  1963     25.01     24.76
BGR  1964     24.87     24.63
BGR  1965     24.85     24.63
BGR  1966     24.75     24.54
BGR  1967     24.67     24.47
BGR  1968     24.71     24.53
BGR  1969     24.78     24.61
BGR  1970     24.67     24.52
BGR  1971     24.55     24.40
BGR  1972     24.47     24.32
BGR  1973     24.42     24.28
BGR  1974     24.50     24.38
BGR  1975     24.45     24.33
BGR  1976     24.32     24.20
BGR  1977     24.19     24.08
BGR  1978     24.07     23.98
BGR  1979     23.98     23.88
BGR  1980     23.88     23.78
BGR  1981     23.92     23.82
BGR  1982     23.82     23.72
BGR  1983     23.90     23.80
BGR  1984     23.91     23.83
BGR  1985     23.92     23.83
BGR  1986     23.95     23.86
BGR  1987     23.96     23.86
BGR  1988     23.95     23.86
BGR  1989     23.95     23.85
BGR  1990     23.92     23.82
BGR  1991     23.67     23.57
BGR  1992     23.68     23.57
BGR  1993     23.80     23.68
BGR  1994     23.97     23.86
BGR  1995     24.12     24.00
BGR  1996     24.29     24.17
BGR  1997     24.42     24.28
BGR  1998     24.52     24.40
BGR  1999     24.66     24.55
BGR  2000     24.96     24.83
BGR  2001     25.09     24.96
BGR  2002     25.28     25.16
BGR  2003     25.52     25.40
BGR  2004     25.68     25.54
BGR  2005     25.98     25.84
BGR  2006     26.14     26.01
BGR  2007     26.37     26.21
BGR  2008     26.48     26.31
BGR  2009     26.62     26.43
CAN  1921     29.58     28.56
CAN  1922     29.61     28.60
CAN  1923     29.70     28.69
CAN  1924     29.67     28.66
CAN  1925     29.68     28.66
CAN  1926     30.14     29.03
CAN  1927     30.11     29.00
CAN  1928     30.05     28.95
CAN  1929     29.91     28.83
CAN  1930     29.88     28.82
CAN  1931     29.86     28.83
CAN  1932     29.96     28.90
CAN  1933     29.99     28.96
CAN  1934     30.09     29.05
CAN  1935     30.00     28.98
CAN  1936     29.96     28.96
CAN  1937     29.83     28.84
CAN  1938     29.68     28.72
CAN  1939     29.61     28.67
CAN  1940     29.37     28.46
CAN  1941     29.16     28.29
CAN  1942     29.13     28.28
CAN  1943     29.15     28.35
CAN  1944     29.30     28.47
CAN  1945     29.32     28.48
CAN  1946     29.02     28.23
CAN  1947     28.71     27.97
CAN  1948     28.66     27.92
CAN  1949     28.59     27.88
CAN  1950     28.54     27.85
CAN  1951     28.45     27.76
CAN  1952     28.34     27.69
CAN  1953     28.28     27.63
CAN  1954     28.23     27.57
CAN  1955     28.20     27.55
CAN  1956     28.11     27.48
CAN  1957     28.00     27.39
CAN  1958     27.93     27.34
CAN  1959     27.85     27.28
CAN  1960     27.81     27.24
CAN  1961     27.79     27.20
CAN  1962     27.76     27.19
CAN  1963     27.76     27.20
CAN  1964     27.81     27.24
CAN  1965     27.77     27.21
CAN  1966     27.64     27.08
CAN  1967     27.43     26.92
CAN  1968     27.30     26.83
CAN  1969     27.26     26.83
CAN  1970     27.15     26.74
CAN  1971     27.05     26.69
CAN  1972     26.95     26.63
CAN  1973     26.81     26.54
CAN  1974     26.78     26.53
CAN  1975     26.69     26.47
CAN  1976     26.72     26.52
CAN  1977     26.76     26.59
CAN  1978     26.82     26.65
CAN  1979     26.92     26.76
CAN  1980     26.95     26.81
CAN  1981     27.06     26.91
CAN  1982     27.09     26.95
CAN  1983     27.21     27.07
CAN  1984     27.34     27.21
CAN  1985     27.44     27.31
CAN  1986     27.53     27.39
CAN  1987     27.63     27.48
CAN  1988     27.71     27.55
CAN  1989     27.72     27.57
CAN  1990     27.78     27.62
CAN  1991     27.80     27.64
CAN  1992     27.91     27.74
CAN  1993     28.00     27.81
CAN  1994     28.07     27.87
CAN  1995     28.16     27.96
CAN  1996     28.34     28.12
CAN  1997     28.48     28.26
CAN  1998     28.54     28.30
CAN  1999     28.68     28.43
CAN  2000     28.82     28.56
CAN  2001     29.03     28.76
CAN  2002     29.17     28.90
CAN  2003     29.34     29.06
CAN  2004     29.49     29.20
CAN  2005     29.59     29.29
CAN  2006     29.67     29.37
CAN  2007     29.74     29.42
CAN  2008     29.81     29.47
CAN  2009     29.90     29.53
CAN  2010     30.06     29.67
CAN  2011     30.18     29.77
CAN  2012     30.29     29.87
CAN  2013     30.43     29.99
CAN  2014     30.53     30.09
CAN  2015     30.67     30.21
CAN  2016     30.78     30.32
CHL  1992     27.38     26.90
CHL  1993     27.35     26.85
CHL  1994     27.26     26.78
CHL  1995     27.20     26.71
CHL  1996     27.18     26.69
CHL  1997     27.16     26.66
CHL  1998     27.16     26.66
CHL  1999     27.27     26.78
CHL  2000     27.36     26.86
CHL  2001     27.44     26.94
CHL  2002     27.52     27.01
CHL  2003     27.74     27.21
CHL  2004     27.82     27.29
CHL  2005     27.79     27.26
HRV  2002     27.85     27.61
HRV  2003     27.98     27.75
HRV  2004     28.15     27.91
HRV  2005     28.34     28.11
HRV  2006     28.48     28.24
HRV  2007     28.63     28.37
HRV  2008     28.74     28.47
HRV  2009     28.94     28.66
HRV  2010     29.17     28.89
HRV  2011     29.29     28.99
HRV  2012     29.44     29.11
HRV  2013     29.63     29.28
HRV  2014     29.79     29.42
HRV  2015     29.90     29.54
HRV  2016     30.09     29.70
HRV  2017     30.27     29.87
CZE  1950     27.26     26.75
CZE  1951     27.07     26.58
CZE  1952     27.00     26.54
CZE  1953     26.97     26.51
CZE  1954     26.86     26.43
CZE  1955     26.75     26.33
CZE  1956     26.54     26.16
CZE  1957     26.32     25.98
CZE  1958     25.97     25.71
CZE  1959     25.53     25.31
CZE  1960     25.45     25.26
CZE  1961     25.42     25.24
CZE  1962     25.32     25.15
CZE  1963     25.44     25.29
CZE  1964     25.58     25.40
CZE  1965     25.55     25.37
CZE  1966     25.36     25.20
CZE  1967     25.16     25.01
CZE  1968     25.07     24.93
CZE  1969     25.03     24.89
CZE  1970     24.99     24.85
CZE  1971     25.12     24.99
CZE  1972     25.13     25.02
CZE  1973     25.25     25.14
CZE  1974     25.24     25.14
CZE  1975     25.13     25.03
CZE  1976     25.07     24.98
CZE  1977     24.99     24.89
CZE  1978     24.92     24.83
CZE  1979     24.84     24.75
CZE  1980     24.67     24.58
CZE  1981     24.69     24.59
CZE  1982     24.64     24.55
CZE  1983     24.59     24.50
CZE  1984     24.55     24.47
CZE  1985     24.58     24.51
CZE  1986     24.64     24.57
CZE  1987     24.68     24.60
CZE  1988     24.73     24.66
CZE  1989     24.76     24.69
CZE  1990     24.77     24.69
CZE  1991     24.72     24.64
CZE  1992     24.83     24.74
CZE  1993     25.04     24.95
CZE  1994     25.37     25.26
CZE  1995     25.76     25.64
CZE  1996     26.08     25.97
CZE  1997     26.36     26.25
CZE  1998     26.63     26.50
CZE  1999     26.86     26.72
CZE  2000     27.19     27.04
CZE  2001     27.55     27.38
CZE  2002     27.81     27.64
CZE  2003     28.06     27.87
CZE  2004     28.34     28.15
CZE  2005     28.61     28.42
CZE  2006     28.89     28.68
CZE  2007     29.14     28.92
CZE  2008     29.32     29.09
CZE  2009     29.41     29.17
CZE  2010     29.57     29.32
CZE  2011     29.69     29.42
CZE  2012     29.76     29.48
CZE  2013     29.86     29.56
CZE  2014     29.94     29.65
CZE  2015     29.99     29.67
CZE  2016     29.99     29.66
CZE  2017     30.02     29.68
CZE  2018     30.11     29.74
DNK  1916     30.29     29.21
DNK  1917     30.22     29.15
DNK  1918     30.31     29.22
DNK  1919     30.32     29.22
DNK  1920     30.03     29.00
DNK  1921     30.04     28.99
DNK  1922     30.06     29.01
DNK  1923     29.95     28.92
DNK  1924     29.94     28.91
DNK  1925     29.87     28.84
DNK  1926     29.76     28.75
DNK  1927     29.69     28.71
DNK  1928     29.65     28.68
DNK  1929     29.66     28.70
DNK  1930     29.49     28.60
DNK  1931     29.41     28.52
DNK  1932     29.35     28.44
DNK  1933     29.32     28.47
DNK  1934     29.20     28.35
DNK  1935     29.03     28.25
DNK  1936     28.93     28.17
DNK  1937     28.80     28.07
DNK  1938     28.75     28.06
DNK  1939     28.70     28.03
DNK  1940     28.48     27.86
DNK  1941     28.52     27.88
DNK  1942     28.60     28.00
DNK  1943     28.62     28.03
DNK  1944     28.53     27.97
DNK  1945     28.46     27.87
DNK  1946     28.72     28.14
DNK  1947     28.52     27.90
DNK  1948     28.33     27.70
DNK  1949     28.05     27.46
DNK  1950     27.86     27.32
DNK  1951     27.69     27.16
DNK  1952     27.59     27.10
DNK  1953     27.49     27.02
DNK  1954     27.40     26.94
DNK  1955     27.30     26.85
DNK  1956     27.23     26.79
DNK  1957     27.09     26.66
DNK  1958     26.99     26.62
DNK  1959     26.95     26.58
DNK  1960     26.92     26.56
DNK  1961     26.89     26.55
DNK  1962     26.86     26.53
DNK  1963     26.87     26.54
DNK  1964     26.78     26.47
DNK  1965     26.78     26.48
DNK  1966     26.65     26.39
DNK  1967     26.52     26.27
DNK  1968     26.51     26.27
DNK  1969     26.60     26.37
DNK  1970     26.72     26.49
DNK  1971     26.71     26.54
DNK  1972     26.69     26.53
DNK  1973     26.66     26.49
DNK  1974     26.58     26.42
DNK  1975     26.43     26.29
DNK  1976     26.57     26.42
DNK  1977     26.53     26.40
DNK  1978     26.63     26.52
DNK  1979     26.74     26.61
DNK  1980     26.82     26.70
DNK  1981     26.96     26.82
DNK  1982     27.15     27.02
DNK  1983     27.35     27.21
DNK  1984     27.54     27.42
DNK  1985     27.75     27.60
DNK  1986     27.90     27.75
DNK  1987     28.08     27.93
DNK  1988     28.21     28.06
DNK  1989     28.35     28.19
DNK  1990     28.46     28.29
DNK  1991     28.63     28.46
DNK  1992     28.76     28.59
DNK  1993     28.93     28.74
DNK  1994     29.09     28.90
DNK  1995     29.20     29.02
DNK  1996     29.27     29.07
DNK  1997     29.42     29.21
DNK  1998     29.52     29.30
DNK  1999     29.62     29.40
DNK  2000     29.70     29.47
DNK  2001     29.74     29.50
DNK  2002     29.93     29.68
DNK  2003     30.06     29.79
DNK  2004     30.16     29.90
DNK  2005     30.24     29.97
DNK  2006     30.30     30.02
DNK  2007     30.42     30.13
DNK  2008     30.42     30.11
DNK  2009     30.50     30.18
DNK  2010     30.59     30.27
DNK  2011     30.69     30.35
DNK  2012     30.74     30.39
DNK  2013     30.83     30.46
DNK  2014     30.90     30.52
DNK  2015     30.95     30.57
DNK  2016     30.98     30.59
DNK  2017     31.06     30.64
DNK  2018     31.22     30.78
DNK  2019     31.32     30.87
EST  1959     27.95     27.45
EST  1960     27.85     27.35
EST  1961     27.65     27.21
EST  1962     27.52     27.06
EST  1963     27.48     27.05
EST  1964     27.35     26.96
EST  1965     27.26     26.87
EST  1966     27.29     26.90
EST  1967     27.11     26.76
EST  1968     26.96     26.65
EST  1969     26.88     26.59
EST  1970     26.70     26.43
EST  1971     26.66     26.40
EST  1972     26.61     26.35
EST  1973     26.59     26.32
EST  1974     26.42     26.15
EST  1975     26.31     26.05
EST  1976     26.22     25.98
EST  1977     26.12     25.89
EST  1978     25.95     25.72
EST  1979     25.84     25.63
EST  1980     25.68     25.47
EST  1981     25.77     25.58
EST  1982     25.91     25.71
EST  1983     26.00     25.79
EST  1984     25.90     25.72
EST  1985     25.85     25.66
EST  1986     25.92     25.72
EST  1987     25.92     25.74
EST  1988     25.95     25.73
EST  1989     25.69     25.52
EST  1990     25.56     25.37
EST  1991     25.27     25.08
EST  1992     25.31     25.11
EST  1993     25.33     25.14
EST  1994     25.39     25.21
EST  1995     25.54     25.36
EST  1996     25.78     25.58
EST  1997     26.13     25.89
EST  1998     26.32     26.09
EST  1999     26.49     26.25
EST  2000     26.93     26.65
EST  2001     27.09     26.85
EST  2002     27.45     27.18
EST  2003     27.58     27.32
EST  2004     27.76     27.50
EST  2005     28.06     27.78
EST  2006     28.23     27.92
EST  2007     28.39     28.06
EST  2008     28.67     28.30
EST  2009     28.94     28.56
EST  2010     29.24     28.85
EST  2011     29.47     29.06
EST  2012     29.56     29.09
EST  2013     29.53     29.10
EST  2014     29.63     29.14
EST  2015     29.90     29.37
EST  2016     30.21     29.66
EST  2017     30.38     29.78
FIN  1939     30.15     28.94
FIN  1940     30.32     29.00
FIN  1941     30.29     29.15
FIN  1942     30.73     29.40
FIN  1943     30.97     29.73
FIN  1944     30.61     29.43
FIN  1945     30.20     29.16
FIN  1946     29.87     28.87
FIN  1947     29.59     28.63
FIN  1948     29.54     28.57
FIN  1949     29.52     28.55
FIN  1950     29.49     28.52
FIN  1951     29.41     28.45
FIN  1952     29.24     28.30
FIN  1953     29.12     28.21
FIN  1954     28.94     28.06
FIN  1955     28.89     28.00
FIN  1956     28.72     27.89
FIN  1957     28.61     27.77
FIN  1958     28.53     27.71
FIN  1959     28.44     27.66
FIN  1960     28.31     27.57
FIN  1961     28.29     27.54
FIN  1962     28.07     27.37
FIN  1963     28.05     27.37
FIN  1964     28.01     27.32
FIN  1965     27.99     27.33
FIN  1966     27.78     27.18
FIN  1967     27.68     27.09
FIN  1968     27.46     26.90
FIN  1969     27.37     26.86
FIN  1970     27.14     26.72
FIN  1971     26.92     26.56
FIN  1972     26.81     26.48
FIN  1973     26.93     26.61
FIN  1974     26.96     26.65
FIN  1975     27.05     26.75
FIN  1976     27.16     26.89
FIN  1977     27.32     27.04
FIN  1978     27.49     27.22
FIN  1979     27.66     27.37
FIN  1980     27.70     27.41
FIN  1981     27.87     27.59
FIN  1982     27.94     27.64
FIN  1983     28.15     27.86
FIN  1984     28.30     28.00
FIN  1985     28.43     28.13
FIN  1986     28.54     28.25
FIN  1987     28.68     28.36
FIN  1988     28.74     28.44
FIN  1989     28.77     28.48
FIN  1990     28.88     28.57
FIN  1991     28.86     28.58
FIN  1992     28.94     28.64
FIN  1993     29.00     28.71
FIN  1994     29.12     28.83
FIN  1995     29.29     28.98
FIN  1996     29.34     29.04
FIN  1997     29.44     29.10
FIN  1998     29.54     29.18
FIN  1999     29.57     29.21
FIN  2000     29.59     29.23
FIN  2001     29.65     29.27
FIN  2002     29.71     29.33
FIN  2003     29.82     29.42
FIN  2004     29.87     29.48
FIN  2005     29.91     29.52
FIN  2006     29.98     29.60
FIN  2007     30.03     29.63
FIN  2008     30.10     29.71
FIN  2009     30.12     29.71
FIN  2010     30.18     29.78
FIN  2011     30.30     29.87
FIN  2012     30.37     29.92
FIN  2013     30.46     30.00
FIN  2014     30.48     30.02
FIN  2015     30.59     30.13
FIN  2016     30.77     30.22
FIN  2017     30.88     30.34
FIN  2018     30.98     30.44
FIN  2019     31.09     30.52
FRATNP  1946     28.78     28.24
FRATNP  1947     28.37     27.80
FRATNP  1948     28.30     27.73
FRATNP  1949     28.21     27.66
FRATNP  1950     28.16     27.62
FRATNP  1951     28.10     27.56
FRATNP  1952     28.10     27.57
FRATNP  1953     28.01     27.50
FRATNP  1954     28.01     27.50
FRATNP  1955     27.93     27.43
FRATNP  1956     27.85     27.36
FRATNP  1957     27.87     27.39
FRATNP  1958     27.82     27.33
FRATNP  1959     27.74     27.26
FRATNP  1960     27.60     27.15
FRATNP  1961     27.55     27.11
FRATNP  1962     27.49     27.06
FRATNP  1963     27.42     27.01
FRATNP  1964     27.36     26.94
FRATNP  1965     27.29     26.89
FRATNP  1966     27.31     26.91
FRATNP  1967     27.32     26.93
FRATNP  1968     27.30     26.91
FRATNP  1969     27.28     26.89
FRATNP  1970     27.17     26.79
FRATNP  1971     27.11     26.73
FRATNP  1972     26.98     26.61
FRATNP  1973     26.87     26.52
FRATNP  1974     26.79     26.45
FRATNP  1975     26.67     26.37
FRATNP  1976     26.56     26.30
FRATNP  1977     26.52     26.29
FRATNP  1978     26.59     26.38
FRATNP  1979     26.71     26.51
FRATNP  1980     26.82     26.63
FRATNP  1981     26.99     26.80
FRATNP  1982     27.06     26.86
FRATNP  1983     27.12     26.92
FRATNP  1984     27.26     27.06
FRATNP  1985     27.48     27.27
FRATNP  1986     27.66     27.45
FRATNP  1987     27.87     27.66
FRATNP  1988     28.04     27.83
FRATNP  1989     28.20     27.97
FRATNP  1990     28.32     28.08
FRATNP  1991     28.41     28.16
FRATNP  1992     28.55     28.30
FRATNP  1993     28.67     28.41
FRATNP  1994     28.83     28.56
FRATNP  1995     28.98     28.72
FRATNP  1996     29.11     28.84
FRATNP  1997     29.20     28.92
FRATNP  1998     29.31     29.03
FRATNP  1999     29.35     29.06
FRATNP  2000     29.38     29.08
FRATNP  2001     29.40     29.08
FRATNP  2002     29.47     29.15
FRATNP  2003     29.55     29.22
FRATNP  2004     29.61     29.26
FRATNP  2005     29.71     29.36
FRATNP  2006     29.78     29.43
FRATNP  2007     29.85     29.48
FRATNP  2008     29.89     29.51
FRATNP  2009     29.95     29.57
FRATNP  2010     30.01     29.62
FRATNP  2011     30.09     29.68
FRATNP  2012     30.14     29.72
FRATNP  2013     30.24     29.81
FRATNP  2014     30.35     29.90
FRATNP  2015     30.46     30.00
FRATNP  2016     30.56     30.08
FRATNP  2017     30.66     30.16
FRATNP  2018     30.75     30.23
DEUTNP  1956     27.77     27.33
DEUTNP  1957     27.72     27.29
DEUTNP  1958     27.69     27.28
DEUTNP  1959     27.60     27.20
DEUTNP  1960     27.54     27.14
DEUTNP  1961     27.41     27.02
DEUTNP  1962     27.28     26.91
DEUTNP  1963     27.22     26.85
DEUTNP  1964     27.18     26.81
DEUTNP  1965     27.08     26.72
DEUTNP  1966     26.96     26.62
DEUTNP  1967     26.85     26.52
DEUTNP  1968     26.79     26.46
DEUTNP  1969     26.73     26.40
DEUTNP  1970     26.60     26.26
DEUTNP  1971     26.46     26.13
DEUTNP  1972     26.39     26.05
DEUTNP  1973     26.32     25.99
DEUTNP  1974     26.25     25.94
DEUTNP  1975     26.26     25.98
DEUTNP  1976     26.24     26.00
DEUTNP  1977     26.25     26.03
DEUTNP  1978     26.26     26.08
DEUTNP  1979     26.33     26.17
DEUTNP  1980     26.38     26.22
DEUTNP  1981     26.51     26.35
DEUTNP  1982     26.60     26.45
DEUTNP  1983     26.74     26.58
DEUTNP  1984     26.90     26.75
DEUTNP  1985     27.07     26.91
DEUTNP  1986     27.24     27.09
DEUTNP  1987     27.38     27.22
DEUTNP  1988     27.49     27.33
DEUTNP  1989     27.70     27.53
DEUTNP  1990     27.63     27.45
DEUTNP  1991     27.78     27.59
DEUTNP  1992     27.93     27.73
DEUTNP  1993     28.06     27.87
DEUTNP  1994     28.18     27.98
DEUTNP  1995     28.31     28.10
DEUTNP  1996     28.37     28.16
DEUTNP  1997     28.52     28.30
DEUTNP  1998     28.57     28.35
DEUTNP  1999     28.65     28.43
DEUTNP  2000     28.74     28.50
DEUTNP  2001     28.81     28.57
DEUTNP  2002     28.97     28.72
DEUTNP  2003     29.12     28.86
DEUTNP  2004     29.31     29.04
DEUTNP  2005     29.45     29.16
DEUTNP  2006     29.61     29.29
DEUTNP  2007     29.82     29.49
DEUTNP  2008     30.01     29.66
DEUTNP  2009     30.17     29.81
DEUTNP  2010     30.32     29.95
DEUTNP  2011     30.48     30.09
DEUTNP  2012     30.58     30.18
DEUTNP  2013     30.72     30.30
DEUTNP  2014     30.84     30.40
DEUTNP  2015     30.89     30.44
DEUTNP  2016     30.87     30.39
DEUTNP  2017     31.01     30.53
DEUTW  1956     28.11     27.64
DEUTW  1957     28.04     27.59
DEUTW  1958     27.99     27.57
DEUTW  1959     27.92     27.50
DEUTW  1960     27.86     27.44
DEUTW  1961     27.73     27.33
DEUTW  1962     27.60     27.20
DEUTW  1963     27.52     27.14
DEUTW  1964     27.46     27.07
DEUTW  1965     27.36     26.98
DEUTW  1966     27.22     26.86
DEUTW  1967     27.12     26.76
DEUTW  1968     27.08     26.71
DEUTW  1969     27.05     26.68
DEUTW  1970     26.95     26.56
DEUTW  1971     26.82     26.43
DEUTW  1972     26.79     26.41
DEUTW  1973     26.80     26.43
DEUTW  1974     26.73     26.38
DEUTW  1975     26.77     26.46
DEUTW  1976     26.77     26.50
DEUTW  1977     26.82     26.58
DEUTW  1978     26.88     26.67
DEUTW  1979     26.99     26.80
DEUTW  1980     27.06     26.87
DEUTW  1981     27.19     27.01
DEUTW  1982     27.31     27.14
DEUTW  1983     27.49     27.31
DEUTW  1984     27.69     27.52
DEUTW  1985     27.87     27.69
DEUTW  1986     28.01     27.84
DEUTW  1987     28.13     27.95
DEUTW  1988     28.20     28.02
DEUTW  1989     28.25     28.06
DEUTW  1990     28.29     28.10
DEUTW  1991     28.30     28.10
DEUTW  1992     28.32     28.12
DEUTW  1993     28.39     28.19
DEUTW  1994     28.48     28.27
DEUTW  1995     28.59     28.38
DEUTW  1996     28.63     28.42
DEUTW  1997     28.76     28.54
DEUTW  1998     28.80     28.57
DEUTW  1999     28.88     28.64
DEUTW  2000     28.94     28.69
DEUTW  2001     29.00     28.75
DEUTW  2002     29.15     28.88
DEUTW  2003     29.30     29.02
DEUTW  2004     29.48     29.19
DEUTW  2005     29.62     29.32
DEUTW  2006     29.78     29.46
DEUTW  2007     29.99     29.65
DEUTW  2008     30.17     29.81
DEUTW  2009     30.33     29.96
DEUTW  2010     30.50     30.11
DEUTW  2011     30.65     30.25
DEUTW  2012     30.75     30.34
DEUTW  2013     30.90     30.47
DEUTW  2014     31.01     30.56
DEUTW  2015     31.05     30.60
DEUTW  2016     31.03     30.55
DEUTW  2017     31.16     30.68
DEUTE  1956     26.76     26.40
DEUTE  1957     26.68     26.32
DEUTE  1958     26.64     26.31
DEUTE  1959     26.52     26.20
DEUTE  1960     26.43     26.10
DEUTE  1961     26.29     25.98
DEUTE  1962     26.18     25.88
DEUTE  1963     26.16     25.85
DEUTE  1964     26.13     25.83
DEUTE  1965     26.02     25.73
DEUTE  1966     25.90     25.67
DEUTE  1967     25.76     25.55
DEUTE  1968     25.67     25.48
DEUTE  1969     25.53     25.36
DEUTE  1970     25.42     25.26
DEUTE  1971     25.34     25.17
DEUTE  1972     25.06     24.88
DEUTE  1973     24.66     24.50
DEUTE  1974     24.61     24.45
DEUTE  1975     24.56     24.42
DEUTE  1976     24.58     24.45
DEUTE  1977     24.71     24.60
DEUTE  1978     24.66     24.56
DEUTE  1979     24.61     24.51
DEUTE  1980     24.52     24.43
DEUTE  1981     24.56     24.48
DEUTE  1982     24.62     24.55
DEUTE  1983     24.66     24.59
DEUTE  1984     24.69     24.62
DEUTE  1985     24.82     24.75
DEUTE  1986     24.89     24.82
DEUTE  1987     25.10     25.02
DEUTE  1988     25.16     25.08
DEUTE  1989     25.23     25.15
DEUTE  1990     25.06     24.98
DEUTE  1991     24.77     24.65
DEUTE  1992     25.24     25.12
DEUTE  1993     25.74     25.61
DEUTE  1994     26.14     25.99
DEUTE  1995     26.45     26.32
DEUTE  1996     26.76     26.63
DEUTE  1997     27.05     26.93
DEUTE  1998     27.25     27.11
DEUTE  1999     27.46     27.31
DEUTE  2000     27.67     27.52
DEUTE  2001     27.78     27.63
DEUTE  2002     27.97     27.82
DEUTE  2003     28.16     27.99
DEUTE  2004     28.36     28.19
DEUTE  2005     28.49     28.31
DEUTE  2006     28.64     28.44
DEUTE  2007     28.88     28.68
DEUTE  2008     29.08     28.85
DEUTE  2009     29.22     28.96
DEUTE  2010     29.28     29.01
DEUTE  2011     29.36     29.08
DEUTE  2012     29.45     29.14
DEUTE  2013     29.54     29.21
DEUTE  2014     29.66     29.33
DEUTE  2015     29.73     29.37
DEUTE  2016     29.70     29.32
DEUTE  2017     29.90     29.50
HUN  1950     27.27     26.68
HUN  1951     27.14     26.56
HUN  1952     27.16     26.61
HUN  1953     27.35     26.81
HUN  1954     27.32     26.82
HUN  1955     27.05     26.55
HUN  1956     26.69     26.25
HUN  1957     26.18     25.78
HUN  1958     26.00     25.64
HUN  1959     25.87     25.54
HUN  1960     25.77     25.46
HUN  1961     25.70     25.40
HUN  1962     25.72     25.41
HUN  1963     25.81     25.54
HUN  1964     25.71     25.45
HUN  1965     25.60     25.36
HUN  1966     25.55     25.33
HUN  1967     25.55     25.35
HUN  1968     25.53     25.34
HUN  1969     25.50     25.30
HUN  1970     25.43     25.23
HUN  1971     25.36     25.17
HUN  1972     25.31     25.11
HUN  1973     25.31     25.13
HUN  1974     25.40     25.23
HUN  1975     25.34     25.18
HUN  1976     25.09     24.94
HUN  1977     25.00     24.83
HUN  1978     24.81     24.67
HUN  1979     24.68     24.54
HUN  1980     24.65     24.51
HUN  1981     24.73     24.59
HUN  1982     24.74     24.61
HUN  1983     24.81     24.68
HUN  1984     24.83     24.71
HUN  1985     25.00     24.88
HUN  1986     25.20     25.08
HUN  1987     25.32     25.19
HUN  1988     25.41     25.28
HUN  1989     25.52     25.39
HUN  1990     25.56     25.43
HUN  1991     25.67     25.53
HUN  1992     25.78     25.63
HUN  1993     25.98     25.82
HUN  1994     26.18     26.01
HUN  1995     26.32     26.14
HUN  1996     26.46     26.28
HUN  1997     26.63     26.44
HUN  1998     26.81     26.62
HUN  1999     27.04     26.84
HUN  2000     27.28     27.07
HUN  2001     27.57     27.35
HUN  2002     27.77     27.53
HUN  2003     27.95     27.72
HUN  2004     28.21     27.96
HUN  2005     28.45     28.19
HUN  2006     28.65     28.40
HUN  2007     28.83     28.54
HUN  2008     28.91     28.62
HUN  2009     29.08     28.76
HUN  2010     29.31     28.97
HUN  2011     29.43     29.07
HUN  2012     29.41     29.04
HUN  2013     29.42     29.01
HUN  2014     29.47     29.06
HUN  2015     29.59     29.16
HUN  2016     29.54     29.10
HUN  2017     29.68     29.21
ISL  1960     27.90     27.12
ISL  1961     27.82     27.09
ISL  1962     28.02     27.24
ISL  1963     27.64     26.95
ISL  1964     27.73     27.00
ISL  1965     27.73     26.96
ISL  1966     27.46     26.73
ISL  1967     27.47     26.79
ISL  1968     27.40     26.68
ISL  1969     27.29     26.70
ISL  1970     27.23     26.60
ISL  1971     27.04     26.54
ISL  1972     27.02     26.57
ISL  1973     26.94     26.40
ISL  1974     26.90     26.49
ISL  1975     26.97     26.55
ISL  1976     26.91     26.48
ISL  1977     27.02     26.59
ISL  1978     26.82     26.47
ISL  1979     27.01     26.74
ISL  1980     27.08     26.82
ISL  1981     27.16     26.89
ISL  1982     27.01     26.66
ISL  1983     27.25     26.93
ISL  1984     27.33     27.09
ISL  1985     27.38     27.15
ISL  1986     27.48     27.22
ISL  1987     27.74     27.45
ISL  1988     27.85     27.61
ISL  1989     28.07     27.78
ISL  1990     28.12     27.91
ISL  1991     28.50     28.19
ISL  1992     28.51     28.20
ISL  1993     28.60     28.24
ISL  1994     28.61     28.31
ISL  1995     28.66     28.37
ISL  1996     28.80     28.53
ISL  1997     28.61     28.30
ISL  1998     28.74     28.39
ISL  1999     28.70     28.43
ISL  2000     28.86     28.52
ISL  2001     29.03     28.69
ISL  2002     29.28     28.93
ISL  2003     29.31     28.93
ISL  2004     29.53     29.17
ISL  2005     29.41     29.05
ISL  2006     29.54     29.19
ISL  2007     29.55     29.20
ISL  2008     29.77     29.34
ISL  2009     29.88     29.44
ISL  2010     30.00     29.60
ISL  2011     30.10     29.62
ISL  2012     30.09     29.62
ISL  2013     30.37     29.84
ISL  2014     30.16     29.70
ISL  2015     30.32     29.84
ISL  2016     30.57     30.00
ISL  2017     30.56     30.03
ISL  2018     30.58     30.07
ITA  1954     29.59     28.79
ITA  1955     29.50     28.72
ITA  1956     29.38     28.62
ITA  1957     29.31     28.59
ITA  1958     29.25     28.55
ITA  1959     29.16     28.48
ITA  1960     29.11     28.44
ITA  1961     29.01     28.37
ITA  1962     28.99     28.37
ITA  1963     28.83     28.26
ITA  1964     28.75     28.18
ITA  1965     28.65     28.09
ITA  1966     28.64     28.09
ITA  1967     28.52     27.98
ITA  1968     28.42     27.90
ITA  1969     28.44     27.92
ITA  1970     28.26     27.75
ITA  1971     28.16     27.65
ITA  1972     27.97     27.48
ITA  1973     27.86     27.38
ITA  1974     27.74     27.26
ITA  1975     27.60     27.14
ITA  1976     27.52     27.08
ITA  1977     27.49     27.08
ITA  1978     27.48     27.10
ITA  1979     27.44     27.10
ITA  1980     27.46     27.15
ITA  1981     27.56     27.27
ITA  1982     27.62     27.34
ITA  1983     27.76     27.48
ITA  1984     27.90     27.63
ITA  1985     28.07     27.80
ITA  1986     28.22     27.96
ITA  1987     28.40     28.13
ITA  1988     28.60     28.33
ITA  1989     28.74     28.48
ITA  1990     28.92     28.64
ITA  1991     29.06     28.78
ITA  1992     29.27     28.96
ITA  1993     29.37     29.07
ITA  1994     29.56     29.25
ITA  1995     29.82     29.48
ITA  1996     29.95     29.61
ITA  1997     30.12     29.75
ITA  1998     30.22     29.87
ITA  1999     30.32     29.95
ITA  2000     30.41     30.03
ITA  2001     30.50     30.11
ITA  2002     30.63     30.22
ITA  2003     30.77     30.34
ITA  2004     30.79     30.35
ITA  2005     30.87     30.40
ITA  2006     30.96     30.47
ITA  2007     31.03     30.51
ITA  2008     31.08     30.55
ITA  2009     31.15     30.59
ITA  2010     31.26     30.68
ITA  2011     31.36     30.74
ITA  2012     31.39     30.75
ITA  2013     31.49     30.82
ITA  2014     31.55     30.87
ITA  2015     31.67     30.98
ITA  2016     31.77     31.06
ITA  2017     31.88     31.14
JPN  1947     30.47     29.59
JPN  1948     30.19     29.29
JPN  1949     29.92     29.16
JPN  1950     29.62     28.95
JPN  1951     29.54     28.94
JPN  1952     29.38     28.85
JPN  1953     29.19     28.72
JPN  1954     29.03     28.61
JPN  1955     28.85     28.47
JPN  1956     28.64     28.30
JPN  1957     28.44     28.14
JPN  1958     28.22     27.96
JPN  1959     28.06     27.82
JPN  1960     27.88     27.69
JPN  1961     27.80     27.63
JPN  1962     27.70     27.56
JPN  1963     27.71     27.58
JPN  1964     27.69     27.58
JPN  1965     27.70     27.59
JPN  1966     27.65     27.53
JPN  1967     27.76     27.67
JPN  1968     27.77     27.68
JPN  1969     27.78     27.69
JPN  1970     27.75     27.65
JPN  1971     27.73     27.64
JPN  1972     27.66     27.57
JPN  1973     27.64     27.55
JPN  1974     27.55     27.46
JPN  1975     27.48     27.40
JPN  1976     27.50     27.42
JPN  1977     27.59     27.51
JPN  1978     27.66     27.58
JPN  1979     27.71     27.64
JPN  1980     27.76     27.69
JPN  1981     27.84     27.77
JPN  1982     27.93     27.86
JPN  1983     28.02     27.95
JPN  1984     28.13     28.05
JPN  1985     28.26     28.19
JPN  1986     28.38     28.31
JPN  1987     28.52     28.45
JPN  1988     28.68     28.59
JPN  1989     28.81     28.72
JPN  1990     28.94     28.84
JPN  1991     29.00     28.90
JPN  1992     29.09     28.99
JPN  1993     29.19     29.08
JPN  1994     29.29     29.18
JPN  1995     29.39     29.26
JPN  1996     29.50     29.37
JPN  1997     29.57     29.42
JPN  1998     29.61     29.46
JPN  1999     29.63     29.47
JPN  2000     29.67     29.49
JPN  2001     29.67     29.49
JPN  2002     29.71     29.51
JPN  2003     29.82     29.60
JPN  2004     29.91     29.69
JPN  2005     30.00     29.75
JPN  2006     30.09     29.84
JPN  2007     30.23     29.95
JPN  2008     30.29     30.00
JPN  2009     30.40     30.09
JPN  2010     30.53     30.20
JPN  2011     30.63     30.28
JPN  2012     30.81     30.44
JPN  2013     30.96     30.56
JPN  2014     31.07     30.66
JPN  2015     31.20     30.77
JPN  2016     31.29     30.84
JPN  2017     31.37     30.91
JPN  2018     31.44     30.97
LTU  1959     29.41     28.60
LTU  1960     29.43     28.62
LTU  1961     29.04     28.22
LTU  1962     29.17     28.35
LTU  1963     29.01     28.22
LTU  1964     29.13     28.41
LTU  1965     28.78     28.07
LTU  1966     28.63     27.97
LTU  1967     28.36     27.74
LTU  1968     28.14     27.58
LTU  1969     27.91     27.39
LTU  1970     27.74     27.24
LTU  1971     27.67     27.15
LTU  1972     27.61     27.11
LTU  1973     27.57     27.09
LTU  1974     27.42     26.98
LTU  1975     27.35     26.93
LTU  1976     27.27     26.84
LTU  1977     27.13     26.73
LTU  1978     27.01     26.60
LTU  1979     26.91     26.50
LTU  1980     26.69     26.33
LTU  1981     27.11     26.72
LTU  1982     27.10     26.71
LTU  1983     27.15     26.81
LTU  1984     27.07     26.73
LTU  1985     26.84     26.52
LTU  1986     26.94     26.63
LTU  1987     26.83     26.52
LTU  1988     26.19     25.94
LTU  1989     25.91     25.69
LTU  1990     25.88     25.67
LTU  1991     25.66     25.47
LTU  1992     25.59     25.39
LTU  1993     25.65     25.42
LTU  1994     25.47     25.30
LTU  1995     25.60     25.41
LTU  1996     25.76     25.55
LTU  1997     25.99     25.79
LTU  1998     26.30     26.08
LTU  1999     26.47     26.23
LTU  2000     26.61     26.36
LTU  2001     26.82     26.56
LTU  2002     26.85     26.59
LTU  2003     27.05     26.80
LTU  2004     27.31     27.06
LTU  2005     27.51     27.25
LTU  2006     27.64     27.38
LTU  2007     27.84     27.59
LTU  2008     28.10     27.84
LTU  2009     28.52     28.28
LTU  2010     28.86     28.60
LTU  2011     28.92     28.65
LTU  2012     29.02     28.74
LTU  2013     29.15     28.85
LTU  2014     29.38     29.07
LTU  2015     29.50     29.19
LTU  2016     29.65     29.32
LTU  2017     29.84     29.48
LTU  2018     30.10     29.72
LTU  2019     30.24     29.83
NLD  1950     30.98     29.99
NLD  1951     30.82     29.85
NLD  1952     30.72     29.75
NLD  1953     30.67     29.72
NLD  1954     30.57     29.65
NLD  1955     30.44     29.56
NLD  1956     30.32     29.46
NLD  1957     30.15     29.31
NLD  1958     30.00     29.21
NLD  1959     29.89     29.11
NLD  1960     29.77     29.02
NLD  1961     29.63     28.92
NLD  1962     29.45     28.77
NLD  1963     29.32     28.67
NLD  1964     29.18     28.56
NLD  1965     28.98     28.39
NLD  1966     28.76     28.20
NLD  1967     28.54     28.01
NLD  1968     28.37     27.89
NLD  1969     28.26     27.81
NLD  1970     28.19     27.76
NLD  1971     27.96     27.57
NLD  1972     27.69     27.35
NLD  1973     27.51     27.22
NLD  1974     27.37     27.10
NLD  1975     27.35     27.12
NLD  1976     27.37     27.15
NLD  1977     27.46     27.26
NLD  1978     27.51     27.33
NLD  1979     27.60     27.44
NLD  1980     27.71     27.54
NLD  1981     27.83     27.65
NLD  1982     27.97     27.78
NLD  1983     28.08     27.91
NLD  1984     28.20     28.03
NLD  1985     28.42     28.26
NLD  1986     28.63     28.46
NLD  1987     28.84     28.68
NLD  1988     28.99     28.83
NLD  1989     29.17     28.99
NLD  1990     29.31     29.14
NLD  1991     29.47     29.28
NLD  1992     29.67     29.47
NLD  1993     29.82     29.63
NLD  1994     29.90     29.70
NLD  1995     30.04     29.84
NLD  1996     30.16     29.95
NLD  1997     30.18     29.97
NLD  1998     30.25     30.04
NLD  1999     30.27     30.05
NLD  2000     30.29     30.06
NLD  2001     30.32     30.09
NLD  2002     30.36     30.12
NLD  2003     30.43     30.19
NLD  2004     30.50     30.24
NLD  2005     30.55     30.29
NLD  2006     30.60     30.34
NLD  2007     30.64     30.37
NLD  2008     30.70     30.43
NLD  2009     30.74     30.46
NLD  2010     30.80     30.51
NLD  2011     30.86     30.56
NLD  2012     30.88     30.58
NLD  2013     30.96     30.65
NLD  2014     31.07     30.74
NLD  2015     31.18     30.85
NLD  2016     31.28     30.92
NLD  2017     31.39     31.02
NLD  2018     31.48     31.09
NOR  1967     27.54     27.08
NOR  1968     27.36     26.93
NOR  1969     27.27     26.85
NOR  1970     27.02     26.67
NOR  1971     26.89     26.56
NOR  1972     26.71     26.40
NOR  1973     26.65     26.38
NOR  1974     26.54     26.28
NOR  1975     26.43     26.20
NOR  1976     26.53     26.30
NOR  1977     26.59     26.39
NOR  1978     26.77     26.57
NOR  1979     26.79     26.62
NOR  1980     26.91     26.72
NOR  1981     26.95     26.77
NOR  1982     27.11     26.93
NOR  1983     27.28     27.12
NOR  1984     27.37     27.19
NOR  1985     27.46     27.29
NOR  1986     27.54     27.37
NOR  1987     27.71     27.54
NOR  1988     27.82     27.65
NOR  1989     27.96     27.80
NOR  1990     28.12     27.94
NOR  1991     28.29     28.10
NOR  1992     28.42     28.22
NOR  1993     28.59     28.38
NOR  1994     28.73     28.52
NOR  1995     28.84     28.62
NOR  1996     28.94     28.71
NOR  1997     29.07     28.82
NOR  1998     29.16     28.91
NOR  1999     29.25     29.00
NOR  2000     29.31     29.05
NOR  2001     29.41     29.15
NOR  2002     29.51     29.22
NOR  2003     29.65     29.38
NOR  2004     29.73     29.45
NOR  2005     29.78     29.49
NOR  2006     29.83     29.53
NOR  2007     29.89     29.58
NOR  2008     29.91     29.59
NOR  2009     29.99     29.67
NOR  2010     30.09     29.74
NOR  2011     30.25     29.89
NOR  2012     30.35     29.99
NOR  2013     30.46     30.09
NOR  2014     30.63     30.23
NOR  2015     30.73     30.33
NOR  2016     30.85     30.42
NOR  2017     30.99     30.54
NOR  2018     31.08     30.64
POL  1971     26.96     26.54
POL  1972     26.97     26.56
POL  1973     26.95     26.55
POL  1974     26.88     26.49
POL  1975     26.83     26.45
POL  1976     26.73     26.37
POL  1977     26.64     26.30
POL  1978     26.55     26.24
POL  1979     26.52     26.22
POL  1980     26.48     26.19
POL  1981     26.46     26.17
POL  1982     26.50     26.20
POL  1983     26.47     26.21
POL  1984     26.42     26.16
POL  1985     26.41     26.15
POL  1986     26.39     26.13
POL  1987     26.34     26.09
POL  1988     26.31     26.06
POL  1989     26.24     26.00
POL  1990     26.21     25.97
POL  1991     26.26     26.01
POL  1992     26.40     26.15
POL  1993     26.62     26.35
POL  1994     26.82     26.53
POL  1995     26.87     26.60
POL  1996     26.99     26.72
POL  1997     27.08     26.80
POL  1998     27.15     26.89
POL  1999     27.26     26.99
POL  2000     27.35     27.08
POL  2001     27.57     27.28
POL  2002     27.74     27.44
POL  2003     27.85     27.56
POL  2004     28.04     27.74
POL  2005     28.18     27.89
POL  2006     28.28     28.00
POL  2007     28.39     28.10
POL  2008     28.44     28.15
POL  2009     28.58     28.29
POL  2010     28.75     28.45
POL  2011     28.87     28.55
POL  2012     28.90     28.58
POL  2013     28.95     28.62
POL  2014     29.10     28.77
POL  2015     29.18     28.85
POL  2016     29.30     28.97
PRT  1940     30.53     29.21
PRT  1941     30.50     29.25
PRT  1942     30.52     29.27
PRT  1943     30.45     29.21
PRT  1944     30.55     29.30
PRT  1945     30.45     29.22
PRT  1946     30.40     29.17
PRT  1947     30.31     29.11
PRT  1948     30.35     29.12
PRT  1949     30.29     29.04
PRT  1950     30.22     28.99
PRT  1951     30.29     29.06
PRT  1952     30.27     29.01
PRT  1953     30.12     28.91
PRT  1954     30.12     28.92
PRT  1955     30.27     29.08
PRT  1956     30.10     28.95
PRT  1957     29.83     28.70
PRT  1958     29.79     28.68
PRT  1959     29.66     28.58
PRT  1960     29.55     28.51
PRT  1961     29.56     28.56
PRT  1962     29.48     28.48
PRT  1963     29.53     28.54
PRT  1964     29.47     28.50
PRT  1965     29.40     28.45
PRT  1966     29.32     28.38
PRT  1967     29.24     28.29
PRT  1968     29.17     28.26
PRT  1969     29.12     28.21
PRT  1970     29.01     28.15
PRT  1971     28.97     28.11
PRT  1972     28.85     28.01
PRT  1973     28.84     27.96
PRT  1974     28.65     27.82
PRT  1975     28.23     27.45
PRT  1976     27.57     26.85
PRT  1977     27.37     26.68
PRT  1978     27.28     26.61
PRT  1979     27.26     26.63
PRT  1980     27.17     26.56
PRT  1981     27.21     26.64
PRT  1982     27.11     26.61
PRT  1983     27.06     26.57
PRT  1984     26.99     26.55
PRT  1985     27.06     26.62
PRT  1986     27.03     26.61
PRT  1987     27.14     26.76
PRT  1988     27.15     26.80
PRT  1989     27.21     26.89
PRT  1990     27.32     27.02
PRT  1991     27.47     27.17
PRT  1992     27.59     27.31
PRT  1993     27.68     27.41
PRT  1994     27.83     27.56
PRT  1995     28.02     27.74
PRT  1996     28.14     27.87
PRT  1997     28.25     27.97
PRT  1998     28.41     28.15
PRT  1999     28.53     28.24
PRT  2000     28.61     28.30
PRT  2001     28.75     28.43
PRT  2002     28.86     28.53
PRT  2003     29.03     28.69
PRT  2004     29.16     28.79
PRT  2005     29.25     28.89
PRT  2006     29.40     29.02
PRT  2007     29.45     29.08
PRT  2008     29.56     29.19
PRT  2009     29.65     29.25
PRT  2010     29.82     29.40
PRT  2011     30.09     29.65
PRT  2012     30.17     29.72
PRT  2013     30.38     29.92
PRT  2014     30.67     30.18
PRT  2015     30.92     30.43
PRT  2016     31.12     30.57
PRT  2017     31.20     30.62
PRT  2018     31.36     30.76
KOR  2000     28.93     28.80
KOR  2001     29.13     28.99
KOR  2002     29.32     29.17
KOR  2003     29.52     29.36
KOR  2004     29.77     29.62
KOR  2005     30.00     29.84
KOR  2006     30.20     30.05
KOR  2007     30.35     30.19
KOR  2008     30.55     30.39
KOR  2009     30.72     30.55
KOR  2010     30.99     30.81
KOR  2011     31.14     30.93
KOR  2012     31.29     31.08
KOR  2013     31.49     31.27
KOR  2014     31.66     31.43
KOR  2015     31.84     31.60
KOR  2016     32.01     31.74
KOR  2017     32.22     31.93
KOR  2018     32.46     32.13
RUS  1959     28.19     27.51
RUS  1960     28.16     27.51
RUS  1961     27.76     27.17
RUS  1962     27.74     27.16
RUS  1963     27.55     26.99
RUS  1964     27.47     26.93
RUS  1965     27.47     26.95
RUS  1966     27.40     26.91
RUS  1967     27.28     26.82
RUS  1968     27.21     26.76
RUS  1969     27.06     26.66
RUS  1970     26.88     26.50
RUS  1971     26.77     26.42
RUS  1972     26.72     26.37
RUS  1973     26.63     26.29
RUS  1974     26.50     26.16
RUS  1975     26.38     26.05
RUS  1976     26.21     25.89
RUS  1977     26.10     25.80
RUS  1978     25.95     25.68
RUS  1979     25.80     25.54
RUS  1980     25.68     25.44
RUS  1981     25.74     25.52
RUS  1982     25.81     25.60
RUS  1983     25.91     25.72
RUS  1984     25.79     25.60
RUS  1985     25.78     25.59
RUS  1986     25.97     25.78
RUS  1987     25.97     25.77
RUS  1988     25.80     25.60
RUS  1989     25.51     25.32
RUS  1990     25.24     25.06
RUS  1991     25.03     24.85
RUS  1992     24.86     24.68
RUS  1993     24.66     24.49
RUS  1994     24.63     24.49
RUS  1995     24.80     24.65
RUS  1996     25.04     24.88
RUS  1997     25.23     25.08
RUS  1998     25.41     25.25
RUS  1999     25.57     25.40
RUS  2000     25.76     25.60
RUS  2001     25.93     25.77
RUS  2002     26.12     25.96
RUS  2003     26.27     26.09
RUS  2004     26.40     26.21
RUS  2005     26.53     26.33
RUS  2006     26.61     26.41
RUS  2007     26.97     26.75
RUS  2008     27.19     26.94
RUS  2009     27.39     27.12
RUS  2010     27.66     27.37
RUS  2011     27.69     27.40
RUS  2012     27.80     27.51
RUS  2013     27.93     27.61
RUS  2014     28.07     27.74
RUS  2015     28.24     27.90
RUS  2016     28.42     28.07
RUS  2017     28.50     28.12
RUS  2018     28.64     28.23
SVK  1950     28.25     27.46
SVK  1951     28.11     27.35
SVK  1952     28.07     27.34
SVK  1953     28.07     27.34
SVK  1954     27.96     27.27
SVK  1955     27.88     27.18
SVK  1956     27.62     27.01
SVK  1957     27.53     26.93
SVK  1958     27.33     26.80
SVK  1959     26.98     26.52
SVK  1960     26.88     26.41
SVK  1961     26.76     26.36
SVK  1962     26.66     26.26
SVK  1963     26.72     26.34
SVK  1964     26.75     26.36
SVK  1965     26.71     26.33
SVK  1966     26.57     26.22
SVK  1967     26.46     26.11
SVK  1968     26.34     26.01
SVK  1969     26.25     25.95
SVK  1970     26.22     25.93
SVK  1971     26.25     25.97
SVK  1972     26.21     25.95
SVK  1973     26.20     25.93
SVK  1974     26.07     25.83
SVK  1975     25.93     25.71
SVK  1976     25.86     25.65
SVK  1977     25.72     25.53
SVK  1978     25.60     25.42
SVK  1979     25.47     25.31
SVK  1980     25.34     25.18
SVK  1981     25.40     25.26
SVK  1982     25.27     25.14
SVK  1983     25.26     25.13
SVK  1984     25.18     25.06
SVK  1985     25.12     25.01
SVK  1986     25.11     25.00
SVK  1987     25.05     24.94
SVK  1988     25.09     24.99
SVK  1989     25.08     24.98
SVK  1990     25.10     24.99
SVK  1991     25.00     24.87
SVK  1992     25.13     25.00
SVK  1993     25.27     25.13
SVK  1994     25.45     25.30
SVK  1995     25.63     25.47
SVK  1996     25.82     25.67
SVK  1997     26.03     25.87
SVK  1998     26.21     26.04
SVK  1999     26.39     26.23
SVK  2000     26.61     26.42
SVK  2001     26.82     26.63
SVK  2002     27.00     26.81
SVK  2003     27.25     27.05
SVK  2004     27.43     27.21
SVK  2005     27.69     27.48
SVK  2006     27.90     27.68
SVK  2007     28.11     27.87
SVK  2008     28.28     28.04
SVK  2009     28.50     28.22
SVK  2010     28.65     28.36
SVK  2011     28.87     28.57
SVK  2012     28.94     28.64
SVK  2013     28.99     28.68
SVK  2014     29.05     28.71
SVN  1983     25.38     25.18
SVN  1984     25.35     25.15
SVN  1985     25.46     25.28
SVN  1986     25.52     25.34
SVN  1987     25.53     25.39
SVN  1988     25.64     25.49
SVN  1989     25.75     25.59
SVN  1990     25.88     25.72
SVN  1991     26.13     25.95
SVN  1992     26.18     26.01
SVN  1993     26.56     26.40
SVN  1994     26.78     26.65
SVN  1995     27.05     26.90
SVN  1996     27.28     27.13
SVN  1997     27.53     27.39
SVN  1998     27.81     27.63
SVN  1999     27.98     27.80
SVN  2000     28.20     28.02
SVN  2001     28.47     28.30
SVN  2002     28.79     28.60
SVN  2003     28.94     28.75
SVN  2004     29.20     28.97
SVN  2005     29.36     29.13
SVN  2006     29.62     29.40
SVN  2007     29.77     29.52
SVN  2008     29.91     29.67
SVN  2009     29.95     29.71
SVN  2010     30.06     29.81
SVN  2011     30.10     29.85
SVN  2012     30.12     29.82
SVN  2013     30.09     29.79
SVN  2014     30.18     29.89
SVN  2015     30.22     29.89
SVN  2016     30.33     29.97
SVN  2017     30.32     29.95
ESP  1922     31.26     30.04
ESP  1923     31.26     30.02
ESP  1924     31.42     30.12
ESP  1925     31.25     30.02
ESP  1926     31.12     29.90
ESP  1927     31.24     29.99
ESP  1928     31.14     29.88
ESP  1929     31.17     29.88
ESP  1930     31.11     29.88
ESP  1931     30.95     29.79
ESP  1932     30.84     29.70
ESP  1933     30.88     29.69
ESP  1934     30.86     29.65
ESP  1935     30.78     29.62
ESP  1936     30.78     29.59
ESP  1937     30.76     29.57
ESP  1938     31.24     29.95
ESP  1939     31.97     30.55
ESP  1940     31.13     30.01
ESP  1941     31.06     29.94
ESP  1942     30.87     29.80
ESP  1943     30.90     29.83
ESP  1944     31.00     29.91
ESP  1945     31.00     29.92
ESP  1946     31.07     29.94
ESP  1947     30.77     29.76
ESP  1948     30.78     29.73
ESP  1949     30.75     29.70
ESP  1950     30.71     29.69
ESP  1951     30.67     29.71
ESP  1952     30.65     29.69
ESP  1953     30.53     29.59
ESP  1954     30.45     29.55
ESP  1955     30.43     29.51
ESP  1956     30.17     29.35
ESP  1957     30.20     29.37
ESP  1958     30.09     29.29
ESP  1959     30.07     29.28
ESP  1960     30.09     29.32
ESP  1961     29.98     29.23
ESP  1962     29.82     29.08
ESP  1963     29.91     29.18
ESP  1964     29.90     29.16
ESP  1965     29.95     29.17
ESP  1966     29.82     29.08
ESP  1967     30.08     29.23
ESP  1968     29.65     28.93
ESP  1969     29.52     28.84
ESP  1970     29.45     28.77
ESP  1971     29.24     28.60
ESP  1972     29.16     28.52
ESP  1973     28.99     28.39
ESP  1974     28.88     28.26
ESP  1975     28.66     28.06
ESP  1976     28.56     27.96
ESP  1977     28.46     27.88
ESP  1978     28.37     27.81
ESP  1979     28.25     27.71
ESP  1980     28.21     27.67
ESP  1981     28.23     27.71
ESP  1982     28.33     27.81
ESP  1983     28.38     27.88
ESP  1984     28.43     27.95
ESP  1985     28.46     28.00
ESP  1986     28.53     28.11
ESP  1987     28.57     28.18
ESP  1988     28.58     28.22
ESP  1989     28.72     28.38
ESP  1990     28.86     28.55
ESP  1991     29.04     28.74
ESP  1992     29.26     28.97
ESP  1993     29.48     29.20
ESP  1994     29.74     29.46
ESP  1995     29.99     29.71
ESP  1996     30.21     29.94
ESP  1997     30.40     30.12
ESP  1998     30.57     30.28
ESP  1999     30.68     30.37
ESP  2000     30.75     30.43
ESP  2001     30.77     30.43
ESP  2002     30.80     30.44
ESP  2003     30.85     30.48
ESP  2004     30.88     30.49
ESP  2005     30.91     30.50
ESP  2006     30.90     30.46
ESP  2007     30.84     30.38
ESP  2008     30.83     30.35
ESP  2009     31.04     30.52
ESP  2010     31.20     30.66
ESP  2011     31.44     30.87
ESP  2012     31.56     30.94
ESP  2013     31.67     31.01
ESP  2014     31.78     31.11
ESP  2015     31.90     31.22
ESP  2016     32.00     31.29
ESP  2017     32.08     31.34
ESP  2018     32.20     31.42
SWE  1891     32.44     30.73
SWE  1892     32.36     30.66
SWE  1893     32.38     30.70
SWE  1894     32.38     30.66
SWE  1895     32.24     30.58
SWE  1896     32.18     30.52
SWE  1897     32.12     30.46
SWE  1898     32.03     30.43
SWE  1899     31.97     30.36
SWE  1900     31.92     30.33
SWE  1901     31.82     30.25
SWE  1902     31.78     30.22
SWE  1903     31.75     30.20
SWE  1904     31.71     30.18
SWE  1905     31.71     30.17
SWE  1906     31.62     30.09
SWE  1907     31.53     30.03
SWE  1908     31.41     29.94
SWE  1909     31.41     29.95
SWE  1910     31.40     29.94
SWE  1911     31.39     29.94
SWE  1912     31.33     29.87
SWE  1913     31.27     29.82
SWE  1914     31.22     29.75
SWE  1915     31.28     29.79
SWE  1916     31.24     29.79
SWE  1917     31.23     29.76
SWE  1918     31.23     29.77
SWE  1919     31.03     29.67
SWE  1920     30.79     29.44
SWE  1921     30.76     29.40
SWE  1922     30.86     29.48
SWE  1923     30.85     29.48
SWE  1924     30.83     29.47
SWE  1925     30.66     29.34
SWE  1926     30.62     29.30
SWE  1927     30.49     29.22
SWE  1928     30.41     29.14
SWE  1929     30.28     29.04
SWE  1930     30.13     28.94
SWE  1931     30.04     28.89
SWE  1932     29.96     28.84
SWE  1933     29.94     28.81
SWE  1934     29.89     28.80
SWE  1935     29.68     28.68
SWE  1936     29.66     28.67
SWE  1937     29.52     28.59
SWE  1938     29.42     28.52
SWE  1939     29.35     28.47
SWE  1940     29.19     28.35
SWE  1941     29.18     28.38
SWE  1942     29.36     28.60
SWE  1943     29.29     28.56
SWE  1944     29.14     28.43
SWE  1945     28.99     28.28
SWE  1946     28.87     28.15
SWE  1947     28.67     27.95
SWE  1948     28.56     27.84
SWE  1949     28.42     27.75
SWE  1950     28.18     27.55
SWE  1951     28.03     27.41
SWE  1952     27.92     27.32
SWE  1953     27.83     27.26
SWE  1954     27.79     27.24
SWE  1955     27.66     27.14
SWE  1956     27.60     27.11
SWE  1957     27.59     27.11
SWE  1958     27.54     27.08
SWE  1959     27.47     27.03
SWE  1960     27.46     27.03
SWE  1961     27.41     27.01
SWE  1962     27.31     26.93
SWE  1963     27.31     26.94
SWE  1964     27.24     26.89
SWE  1965     27.15     26.81
SWE  1966     27.06     26.74
SWE  1967     27.01     26.69
SWE  1968     27.02     26.74
SWE  1969     27.07     26.78
SWE  1970     26.96     26.70
SWE  1971     26.84     26.60
SWE  1972     26.76     26.54
SWE  1973     26.73     26.54
SWE  1974     26.69     26.50
SWE  1975     26.70     26.53
SWE  1976     26.87     26.69
SWE  1977     26.98     26.81
SWE  1978     27.18     27.01
SWE  1979     27.45     27.26
SWE  1980     27.56     27.38
SWE  1981     27.72     27.52
SWE  1982     27.88     27.68
SWE  1983     28.04     27.84
SWE  1984     28.25     28.03
SWE  1985     28.36     28.14
SWE  1986     28.41     28.19
SWE  1987     28.50     28.29
SWE  1988     28.52     28.30
SWE  1989     28.56     28.34
SWE  1990     28.58     28.35
SWE  1991     28.72     28.48
SWE  1992     28.87     28.62
SWE  1993     28.98     28.72
SWE  1994     29.13     28.86
SWE  1995     29.22     28.94
SWE  1996     29.36     29.07
SWE  1997     29.47     29.16
SWE  1998     29.71     29.40
SWE  1999     29.78     29.46
SWE  2000     29.85     29.53
SWE  2001     30.00     29.67
SWE  2002     30.07     29.73
SWE  2003     30.25     29.91
SWE  2004     30.37     30.01
SWE  2005     30.45     30.09
SWE  2006     30.54     30.17
SWE  2007     30.59     30.20
SWE  2008     30.58     30.19
SWE  2009     30.68     30.27
SWE  2010     30.74     30.32
SWE  2011     30.82     30.38
SWE  2012     30.87     30.42
SWE  2013     30.93     30.48
SWE  2014     30.97     30.50
SWE  2015     30.98     30.51
SWE  2016     31.05     30.56
SWE  2017     31.13     30.60
SWE  2018     31.12     30.62
SWE  2019     31.27     30.72
CHE  1932     30.38     29.55
CHE  1933     30.31     29.49
CHE  1934     30.26     29.46
CHE  1935     30.22     29.43
CHE  1936     30.22     29.43
CHE  1937     30.16     29.40
CHE  1938     30.17     29.43
CHE  1939     30.02     29.32
CHE  1940     29.99     29.29
CHE  1941     30.06     29.34
CHE  1942     30.10     29.42
CHE  1943     30.09     29.41
CHE  1944     30.05     29.37
CHE  1945     30.02     29.33
CHE  1946     29.98     29.29
CHE  1947     29.81     29.13
CHE  1948     29.68     29.01
CHE  1949     29.59     28.95
CHE  1950     29.57     28.92
CHE  1951     29.48     28.84
CHE  1952     29.41     28.79
CHE  1953     29.36     28.75
CHE  1954     29.32     28.71
CHE  1955     29.22     28.60
CHE  1956     29.13     28.55
CHE  1957     28.97     28.38
CHE  1958     28.86     28.31
CHE  1959     28.80     28.25
CHE  1960     28.71     28.17
CHE  1961     28.56     28.05
CHE  1962     28.43     27.93
CHE  1963     28.32     27.85
CHE  1964     28.27     27.82
CHE  1965     28.18     27.73
CHE  1966     28.15     27.70
CHE  1967     28.05     27.59
CHE  1968     27.98     27.55
CHE  1969     27.91     27.50
CHE  1970     27.80     27.41
CHE  1971     27.70     27.34
CHE  1972     27.65     27.30
CHE  1973     27.59     27.26
CHE  1974     27.54     27.26
CHE  1975     27.54     27.26
CHE  1976     27.62     27.37
CHE  1977     27.75     27.54
CHE  1978     27.83     27.62
CHE  1979     27.81     27.64
CHE  1980     27.87     27.69
CHE  1981     27.89     27.73
CHE  1982     27.96     27.80
CHE  1983     28.05     27.89
CHE  1984     28.19     28.02
CHE  1985     28.37     28.22
CHE  1986     28.50     28.35
CHE  1987     28.69     28.53
CHE  1988     28.76     28.61
CHE  1989     28.92     28.75
CHE  1990     28.95     28.79
CHE  1991     28.98     28.80
CHE  1992     29.11     28.91
CHE  1993     29.21     29.02
CHE  1994     29.35     29.15
CHE  1995     29.41     29.21
CHE  1996     29.52     29.31
CHE  1997     29.62     29.39
CHE  1998     29.68     29.44
CHE  1999     29.70     29.45
CHE  2000     29.84     29.58
CHE  2001     30.02     29.73
CHE  2002     30.11     29.81
CHE  2003     30.24     29.93
CHE  2004     30.39     30.07
CHE  2005     30.55     30.21
CHE  2006     30.67     30.31
CHE  2007     30.85     30.46
CHE  2008     31.00     30.60
CHE  2009     31.18     30.76
CHE  2010     31.26     30.83
CHE  2011     31.42     30.97
CHE  2012     31.53     31.06
CHE  2013     31.60     31.12
CHE  2014     31.75     31.24
CHE  2015     31.83     31.29
CHE  2016     31.86     31.31
CHE  2017     31.95     31.39
CHE  2018     32.05     31.48
TWN  1976     26.50     26.27
TWN  1977     26.27     26.07
TWN  1978     26.22     26.03
TWN  1979     26.10     25.95
TWN  1980     26.12     25.97
TWN  1981     26.12     25.99
TWN  1982     26.15     26.02
TWN  1983     26.23     26.12
TWN  1984     26.29     26.19
TWN  1985     26.40     26.30
TWN  1986     26.48     26.37
TWN  1987     26.62     26.53
TWN  1988     26.84     26.77
TWN  1989     26.95     26.86
TWN  1990     27.07     26.98
TWN  1991     27.19     27.10
TWN  1992     27.28     27.19
TWN  1993     27.37     27.27
TWN  1994     27.51     27.41
TWN  1995     27.62     27.51
TWN  1996     27.74     27.63
TWN  1997     27.88     27.78
TWN  1998     27.99     27.86
TWN  1999     28.14     28.02
TWN  2000     28.21     28.08
TWN  2001     28.21     28.06
TWN  2002     28.27     28.13
TWN  2003     28.43     28.28
TWN  2004     28.56     28.40
TWN  2005     28.83     28.66
TWN  2006     29.11     28.93
TWN  2007     29.44     29.26
TWN  2008     29.72     29.52
TWN  2009     30.05     29.83
TWN  2010     30.40     30.14
TWN  2011     30.61     30.36
TWN  2012     30.74     30.47
TWN  2013     30.96     30.63
TWN  2014     31.09     30.76
UKR  1959     27.51     27.06
UKR  1960     27.45     27.03
UKR  1961     27.21     26.80
UKR  1962     27.23     26.81
UKR  1963     27.09     26.68
UKR  1964     27.08     26.68
UKR  1965     27.10     26.71
UKR  1966     27.04     26.67
UKR  1967     26.89     26.54
UKR  1968     26.73     26.40
UKR  1969     26.69     26.38
UKR  1970     26.51     26.22
UKR  1971     26.45     26.17
UKR  1972     26.35     26.07
UKR  1973     26.36     26.07
UKR  1974     26.20     25.93
UKR  1975     26.14     25.86
UKR  1976     25.94     25.68
UKR  1977     25.91     25.66
UKR  1978     25.69     25.45
UKR  1979     25.55     25.33
UKR  1980     25.42     25.22
UKR  1981     25.53     25.33
UKR  1982     25.43     25.24
UKR  1983     25.54     25.37
UKR  1984     25.39     25.22
UKR  1985     25.36     25.19
UKR  1986     25.47     25.30
UKR  1987     25.36     25.19
UKR  1988     25.23     25.06
UKR  1989     25.05     24.88
UKR  1990     24.80     24.64
UKR  1991     24.65     24.49
UKR  1992     24.52     24.37
UKR  1993     24.50     24.35
UKR  1994     24.44     24.29
UKR  1995     24.38     24.24
UKR  1996     24.39     24.26
UKR  1997     24.54     24.41
UKR  1998     24.67     24.53
UKR  1999     24.88     24.73
UKR  2000     25.00     24.86
UKR  2001     25.23     25.08
UKR  2002     25.41     25.27
UKR  2003     25.61     25.47
UKR  2004     25.77     25.61
UKR  2005     26.02     25.85
UKR  2006     26.24     26.07
UKR  2007     26.36     26.18
UKR  2008     26.52     26.33
UKR  2009     26.76     26.54
UKR  2010     26.98     26.74
UKR  2011     27.15     26.91
UKR  2012     27.22     26.97
UKR  2013     27.32     27.05
GBR_NP  1974     26.42     26.16
GBR_NP  1975     26.48     26.24
GBR_NP  1976     26.56     26.34
GBR_NP  1977     26.67     26.45
GBR_NP  1978     26.75     26.54
GBR_NP  1979     26.86     26.66
GBR_NP  1980     26.91     26.71
GBR_NP  1981     27.04     26.83
GBR_NP  1982     27.11     26.91
GBR_NP  1983     27.21     27.00
GBR_NP  1984     27.29     27.08
GBR_NP  1985     27.32     27.12
GBR_NP  1986     27.38     27.18
GBR_NP  1987     27.45     27.25
GBR_NP  1988     27.45     27.25
GBR_NP  1989     27.56     27.35
GBR_NP  1990     27.65     27.44
GBR_NP  1991     27.71     27.49
GBR_NP  1992     27.85     27.61
GBR_NP  1993     27.95     27.70
GBR_NP  1994     28.13     27.87
GBR_NP  1995     28.19     27.92
GBR_NP  1996     28.20     27.91
GBR_NP  1997     28.29     27.99
GBR_NP  1998     28.35     28.05
GBR_NP  1999     28.39     28.08
GBR_NP  2000     28.52     28.18
GBR_NP  2001     28.60     28.25
GBR_NP  2002     28.73     28.36
GBR_NP  2003     28.86     28.50
GBR_NP  2004     28.98     28.60
GBR_NP  2005     29.08     28.69
GBR_NP  2006     29.17     28.77
GBR_NP  2007     29.30     28.88
GBR_NP  2008     29.33     28.91
GBR_NP  2009     29.40     28.96
GBR_NP  2010     29.53     29.09
GBR_NP  2011     29.70     29.23
GBR_NP  2012     29.82     29.34
GBR_NP  2013     29.99     29.50
GBR_NP  2014     30.17     29.67
GBR_NP  2015     30.30     29.78
GBR_NP  2016     30.43     29.89
GBR_NP  2017     30.51     29.96
GBR_NP  2018     30.59     30.03
GBRTENW  1938     29.01     28.34
GBRTENW  1939     28.95     28.31
GBRTENW  1940     28.78     28.14
GBRTENW  1941     28.76     28.08
GBRTENW  1942     28.88     28.23
GBRTENW  1943     29.08     28.43
GBRTENW  1944     29.28     28.66
GBRTENW  1945     29.17     28.50
GBRTENW  1946     29.11     28.56
GBRTENW  1947     28.70     28.16
GBRTENW  1948     28.45     27.90
GBRTENW  1949     28.25     27.73
GBRTENW  1950     28.22     27.72
GBRTENW  1951     28.15     27.67
GBRTENW  1952     28.06     27.59
GBRTENW  1953     27.97     27.52
GBRTENW  1954     27.90     27.45
GBRTENW  1955     27.81     27.37
GBRTENW  1956     27.68     27.26
GBRTENW  1957     27.64     27.23
GBRTENW  1958     27.57     27.18
GBRTENW  1959     27.53     27.15
GBRTENW  1960     27.52     27.13
GBRTENW  1961     27.45     27.06
GBRTENW  1962     27.37     26.99
GBRTENW  1963     27.33     26.97
GBRTENW  1964     27.34     26.97
GBRTENW  1965     27.26     26.90
GBRTENW  1966     27.14     26.79
GBRTENW  1967     27.08     26.73
GBRTENW  1968     26.97     26.64
GBRTENW  1969     26.87     26.55
GBRTENW  1970     26.72     26.42
GBRTENW  1971     26.62     26.33
GBRTENW  1972     26.52     26.24
GBRTENW  1973     26.41     26.15
GBRTENW  1974     26.36     26.12
GBRTENW  1975     26.44     26.20
GBRTENW  1976     26.52     26.30
GBRTENW  1977     26.64     26.43
GBRTENW  1978     26.72     26.52
GBRTENW  1979     26.83     26.64
GBRTENW  1980     26.89     26.69
GBRTENW  1981     27.02     26.81
GBRTENW  1982     27.11     26.90
GBRTENW  1983     27.21     27.00
GBRTENW  1984     27.28     27.08
GBRTENW  1985     27.32     27.12
GBRTENW  1986     27.38     27.18
GBRTENW  1987     27.45     27.25
GBRTENW  1988     27.45     27.25
GBRTENW  1989     27.56     27.35
GBRTENW  1990     27.65     27.44
GBRTENW  1991     27.71     27.49
GBRTENW  1992     27.85     27.62
GBRTENW  1993     27.95     27.70
GBRTENW  1994     28.12     27.87
GBRTENW  1995     28.18     27.91
GBRTENW  1996     28.19     27.90
GBRTENW  1997     28.28     27.98
GBRTENW  1998     28.34     28.04
GBRTENW  1999     28.39     28.07
GBRTENW  2000     28.51     28.17
GBRTENW  2001     28.59     28.23
GBRTENW  2002     28.72     28.35
GBRTENW  2003     28.86     28.48
GBRTENW  2004     28.96     28.58
GBRTENW  2005     29.07     28.67
GBRTENW  2006     29.16     28.75
GBRTENW  2007     29.29     28.87
GBRTENW  2008     29.32     28.89
GBRTENW  2009     29.39     28.94
GBRTENW  2010     29.52     29.07
GBRTENW  2011     29.68     29.21
GBRTENW  2012     29.81     29.32
GBRTENW  2013     29.98     29.49
GBRTENW  2014     30.16     29.65
GBRTENW  2015     30.29     29.76
GBRTENW  2016     30.42     29.88
GBRTENW  2017     30.50     29.94
GBRTENW  2018     30.59     30.02
GBR_SCO  1945     29.04     28.42
GBR_SCO  1946     29.16     28.62
GBR_SCO  1947     29.06     28.51
GBR_SCO  1948     28.92     28.34
GBR_SCO  1949     28.74     28.18
GBR_SCO  1950     28.73     28.18
GBR_SCO  1951     28.64     28.12
GBR_SCO  1952     28.56     28.06
GBR_SCO  1953     28.47     27.98
GBR_SCO  1954     28.34     27.85
GBR_SCO  1955     28.18     27.72
GBR_SCO  1956     28.03     27.59
GBR_SCO  1957     27.94     27.51
GBR_SCO  1958     27.84     27.41
GBR_SCO  1959     27.78     27.38
GBR_SCO  1960     27.73     27.34
GBR_SCO  1961     27.75     27.35
GBR_SCO  1962     27.64     27.24
GBR_SCO  1963     27.59     27.21
GBR_SCO  1964     27.57     27.18
GBR_SCO  1965     27.48     27.10
GBR_SCO  1966     27.33     26.94
GBR_SCO  1967     27.22     26.85
GBR_SCO  1968     27.09     26.75
GBR_SCO  1969     27.02     26.69
GBR_SCO  1970     26.83     26.52
GBR_SCO  1971     26.76     26.47
GBR_SCO  1972     26.61     26.33
GBR_SCO  1973     26.47     26.23
GBR_SCO  1974     26.33     26.08
GBR_SCO  1975     26.34     26.12
GBR_SCO  1976     26.40     26.20
GBR_SCO  1977     26.48     26.28
GBR_SCO  1978     26.53     26.37
GBR_SCO  1979     26.69     26.52
GBR_SCO  1980     26.70     26.54
GBR_SCO  1981     26.77     26.61
GBR_SCO  1982     26.79     26.62
GBR_SCO  1983     26.89     26.73
GBR_SCO  1984     26.95     26.78
GBR_SCO  1985     26.96     26.81
GBR_SCO  1986     27.05     26.89
GBR_SCO  1987     27.09     26.94
GBR_SCO  1988     27.15     27.01
GBR_SCO  1989     27.28     27.11
GBR_SCO  1990     27.38     27.22
GBR_SCO  1991     27.48     27.30
GBR_SCO  1992     27.61     27.44
GBR_SCO  1993     27.74     27.55
GBR_SCO  1994     27.94     27.75
GBR_SCO  1995     28.02     27.80
GBR_SCO  1996     28.07     27.84
GBR_SCO  1997     28.14     27.91
GBR_SCO  1998     28.24     27.98
GBR_SCO  1999     28.30     28.03
GBR_SCO  2000     28.43     28.16
GBR_SCO  2001     28.54     28.25
GBR_SCO  2002     28.65     28.35
GBR_SCO  2003     28.79     28.48
GBR_SCO  2004     28.94     28.61
GBR_SCO  2005     29.06     28.72
GBR_SCO  2006     29.14     28.79
GBR_SCO  2007     29.19     28.84
GBR_SCO  2008     29.26     28.89
GBR_SCO  2009     29.36     28.98
GBR_SCO  2010     29.57     29.18
GBR_SCO  2011     29.73     29.31
GBR_SCO  2012     29.82     29.41
GBR_SCO  2013     29.98     29.52
GBR_SCO  2014     30.18     29.72
GBR_SCO  2015     30.33     29.86
GBR_SCO  2016     30.43     29.92
GBR_SCO  2017     30.51     30.00
GBR_SCO  2018     30.61     30.05
GBR_NIR  1974     27.96     27.46
GBR_NIR  1975     27.92     27.45
GBR_NIR  1976     27.94     27.45
GBR_NIR  1977     27.94     27.49
GBR_NIR  1978     27.96     27.57
GBR_NIR  1979     28.07     27.66
GBR_NIR  1980     28.04     27.68
GBR_NIR  1981     28.14     27.78
GBR_NIR  1982     28.18     27.84
GBR_NIR  1983     28.24     27.87
GBR_NIR  1984     28.20     27.84
GBR_NIR  1985     28.21     27.90
GBR_NIR  1986     28.20     27.87
GBR_NIR  1987     28.23     27.90
GBR_NIR  1988     28.18     27.85
GBR_NIR  1989     28.27     27.93
GBR_NIR  1990     28.33     28.01
GBR_NIR  1991     28.32     28.01
GBR_NIR  1992     28.30     27.98
GBR_NIR  1993     28.54     28.22
GBR_NIR  1994     28.72     28.38
GBR_NIR  1995     28.78     28.48
GBR_NIR  1996     28.74     28.46
GBR_NIR  1997     28.85     28.54
GBR_NIR  1998     28.83     28.54
GBR_NIR  1999     28.76     28.45
GBR_NIR  2000     28.91     28.59
GBR_NIR  2001     29.08     28.73
GBR_NIR  2002     29.16     28.82
GBR_NIR  2003     29.27     28.93
GBR_NIR  2004     29.47     29.15
GBR_NIR  2005     29.51     29.15
GBR_NIR  2006     29.56     29.19
GBR_NIR  2007     29.72     29.36
GBR_NIR  2008     29.72     29.34
GBR_NIR  2009     29.77     29.37
GBR_NIR  2010     29.91     29.53
GBR_NIR  2011     29.97     29.53
GBR_NIR  2012     30.12     29.70
GBR_NIR  2013     30.25     29.82
GBR_NIR  2014     30.32     29.89
GBR_NIR  2015     30.50     30.04
GBR_NIR  2016     30.52     30.09
GBR_NIR  2017     30.67     30.22
GBR_NIR  2018     30.68     30.22
USA  1933     27.97     27.21
USA  1934     27.84     27.11
USA  1935     27.71     27.01
USA  1936     27.60     26.92
USA  1937     27.44     26.80
USA  1938     27.36     26.75
USA  1939     27.33     26.75
USA  1940     27.28     26.72
USA  1941     27.13     26.62
USA  1942     26.98     26.52
USA  1943     27.18     26.72
USA  1944     27.46     26.96
USA  1945     27.74     27.22
USA  1946     27.31     26.86
USA  1947     26.84     26.43
USA  1948     26.69     26.27
USA  1949     26.64     26.23
USA  1950     26.65     26.25
USA  1951     26.56     26.17
USA  1952     26.62     26.23
USA  1953     26.57     26.19
USA  1954     26.54     26.16
USA  1955     26.50     26.13
USA  1956     26.40     26.04
USA  1957     26.37     26.01
USA  1958     26.35     26.00
USA  1959     26.35     26.00
USA  1960     26.36     26.01
USA  1961     26.41     26.05
USA  1962     26.41     26.05
USA  1963     26.44     26.09
USA  1964     26.51     26.15
USA  1965     26.52     26.15
USA  1966     26.39     26.03
USA  1967     26.31     25.95
USA  1968     26.22     25.88
USA  1969     26.14     25.83
USA  1970     26.04     25.75
USA  1971     25.99     25.71
USA  1972     25.89     25.62
USA  1973     25.81     25.55
USA  1974     25.75     25.52
USA  1975     25.77     25.54
USA  1976     25.85     25.64
USA  1977     25.89     25.69
USA  1978     25.93     25.74
USA  1979     25.97     25.79
USA  1980     25.98     25.80
USA  1981     26.06     25.89
USA  1982     26.13     25.96
USA  1983     26.21     26.04
USA  1984     26.31     26.13
USA  1985     26.36     26.18
USA  1986     26.42     26.24
USA  1987     26.51     26.32
USA  1988     26.55     26.37
USA  1989     26.55     26.35
USA  1990     26.56     26.36
USA  1991     26.52     26.31
USA  1992     26.58     26.36
USA  1993     26.64     26.40
USA  1994     26.71     26.46
USA  1995     26.81     26.56
USA  1996     26.94     26.67
USA  1997     27.04     26.76
USA  1998     27.14     26.85
USA  1999     27.25     26.96
USA  2000     27.39     27.09
USA  2001     27.53     27.22
USA  2002     27.67     27.35
USA  2003     27.83     27.50
USA  2004     27.90     27.57
USA  2005     27.94     27.60
USA  2006     27.91     27.57
USA  2007     27.95     27.59
USA  2008     28.02     27.65
USA  2009     28.15     27.76
USA  2010     28.33     27.94
USA  2011     28.51     28.11
USA  2012     28.64     28.23
USA  2013     28.81     28.39
USA  2014     28.98     28.55
USA  2015     29.12     28.68
USA  2016     29.29     28.84
USA  2017     29.39     28.93
USA  2018     29.53     29.05
